9.999477386474609375e+01
9.060093688964843750e+01
3.955307769775390625e+01
5.593402099609375000e+01
8.793714141845703125e+01
5.140400314331054688e+01
5.805865097045898438e+01
1.311596069335937500e+02
1.299810180664062500e+02
1.055263137817382812e+02
7.278378295898437500e+01
1.506326293945312500e+02
1.006093902587890625e+02
9.650148773193359375e+01
2.582885437011718750e+02
2.717372512817382812e+01
5.856448745727539062e+01
8.887637329101562500e+01
9.522479248046875000e+01
1.220984649658203125e+02
8.681536102294921875e+01
1.120551605224609375e+02
4.424121475219726562e+01
1.020691299438476562e+02
1.236513214111328125e+02
1.502482299804687500e+02
4.324081802368164062e+01
8.864837646484375000e+01
1.406834411621093750e+02
6.143959808349609375e+01
6.152933502197265625e+01
2.647807693481445312e+01
9.295357513427734375e+01
1.437774810791015625e+02
1.111007308959960938e+02
1.098650207519531250e+02
1.160326614379882812e+02
7.478771209716796875e+01
6.791098785400390625e+01
8.761026000976562500e+01
1.177347488403320312e+02
7.570042419433593750e+01
1.032614593505859375e+02
4.786137008666992188e+01
1.720773468017578125e+02
9.468465423583984375e+01
2.863405990600585938e+01
8.196047210693359375e+01
2.812796020507812500e+01
3.421587371826171875e+01
4.574802398681640625e+01
9.168129730224609375e+01
9.018809509277343750e+01
2.151043510437011719e+01
9.901577758789062500e+01
1.728275756835937500e+02
2.336192512512207031e+01
7.871452331542968750e+01
1.003672637939453125e+02
1.623342132568359375e+02
1.624527282714843750e+02
1.035547103881835938e+02
8.128257751464843750e+01
1.076435241699218750e+02
9.771259307861328125e+01
9.072840881347656250e+01
1.228808898925781250e+02
1.295974426269531250e+02
1.806507568359375000e+02
2.928806304931640625e+01
9.903990936279296875e+01
1.326330871582031250e+02
9.560722351074218750e+01
1.382738494873046875e+02
1.173481292724609375e+02
2.801979637145996094e+01
1.021067733764648438e+02
9.273208618164062500e+01
1.049659652709960938e+02
3.129274749755859375e+01
5.714962768554687500e+01
1.112723159790039062e+02
1.068479690551757812e+02
4.539377975463867188e+01
2.799964332580566406e+01
9.318022155761718750e+01
9.231420898437500000e+01
1.115529708862304688e+02
1.135147781372070312e+02
1.212285919189453125e+02
9.116653442382812500e+01
1.473015136718750000e+02
1.108421325683593750e+02
3.951513671875000000e+01
7.166779327392578125e+01
4.341740417480468750e+01
6.882662963867187500e+01
2.995650482177734375e+01
2.904685592651367188e+01
1.204091186523437500e+02
9.792564392089843750e+01
1.581727905273437500e+02
9.007366180419921875e+01
3.296550750732421875e+01
6.705039978027343750e+01
3.454832458496093750e+01
1.055948638916015625e+02
9.963368988037109375e+01
7.377201843261718750e+01
7.049591064453125000e+01
7.717857360839843750e+01
1.070422363281250000e+02
1.138140563964843750e+02
1.177057113647460938e+02
1.164044647216796875e+02
1.080263977050781250e+02
8.716983032226562500e+01
1.028161315917968750e+02
1.118363571166992188e+02
9.228679656982421875e+01
9.498163604736328125e+01
1.032475738525390625e+02
8.608110809326171875e+01
4.027891159057617188e+01
1.160330581665039062e+02
1.071877441406250000e+02
2.847058486938476562e+01
1.292371520996093750e+02
